1003 -1 -1 0
1003 -1 -1 1
1003 -1 -1 2000
1003 -1 -1 2001
1003 -1 -1 4000
1003 -1 -1 4001
1003 -1 -1 6000
1003 -1 -1 6001
1007 3 -1 21000
1007 4 -1 21001
1007 1 -1 21002
1007 2 -1 21003
1019 21001 21003 14000
1019 21003 21000 14001
1018 14001 21003 14002
1020 21000 14000 14003
1018 14002 14003 14004
1007 5 -1 21004
1017 21002 14004 14005
1018 14005 21004 14006
1020 21000 21001 14007
1019 14007 14006 14008
1019 14008 21003 14009
1004 14009 -1 2000
1007 true -1 27000
1004 27000 -1 6000
1007 false -1 27001
1004 27001 -1 6001
1004 27000 -1 6001
1000 -1 -1 30
1003 -1 -1 7000
1003 -1 -1 7001
1003 -1 -1 9000
1003 -1 -1 9001
1003 -1 -1 11000
1003 -1 -1 11001
1003 -1 -1 13000
1003 -1 -1 13001
1008 -1 -1 -1
